0	0	30	128	149	151	157	171	203	219	247	257
1	6	23	55	60	63	106	125	142	152	184	218	235	275
2	1	7	43	70	213	299
3	8	26	31	92	124	173	179	199	256	292
4	2	4	10	39	56	68	76	105	143	144	163	169	170	182	209	223	229	258	293	294
5	40	77	80	103	141	210	224	227	233	236
6	32	73	153	162	254
7	37	74	132	134	148	248	278
8	13	36	67	110	208	272
9	24	85	104	112	113	118	121	167	198	201
10	28	44	45	99	133	159	174	180	193	200	211
11	5	9	18	27	41	42	49	75	109	123	178	188	260	261
12	3	87	95	126	155	238	245	270	277	285
13	29	54	154	165	196	217
14	38	50	96	119	139	189	206	237	244	271
15	16	46	79	101	138	161	168	197	242	243	262	280	296
16	81	88	140	276	289
17	57	71	231	273	283
18	91	111	115	127	145	212	232	259	263
19	19	61	86	156	160	191	253	265	267	281
20	11	12	47	58	64	89	93	98	114	116	117	135	136	146	166	175	183	195	207	226	228	230	240	249	250	251	266	279	298
21	15	51	65	72	94	102	108	131	176	192	215	222	284	290	297
22	17	22	33	48	53	69	83	84	100	129	137	172	181	214	241	268	287
23	20	21	62	107	122	147	150	158	186	190	204	216	234	255	269	274	282	295
24	14	25	34	35	52	59	66	78	82	90	97	120	130	164	177	185	187	194	202	205	220	221	225	239	246	252	264	286	288	291
